object Form_date: TForm_date
  Left = 327
  Top = 345
  Width = 409
  Height = 211
  Caption = #36864#36135#26085#26399#33539#22260
  Color = clBtnFace
  Font.Charset = DEFAULT_CHARSET
  Font.Color = clWindowText
  Font.Height = -13
  Font.Name = #26032#23435#20307
  Font.Style = []
  OldCreateOrder = False
  Position = poScreenCenter
  PixelsPerInch = 96
  TextHeight = 13
  object Label1: TLabel
    Left = 34
    Top = 77
    Width = 77
    Height = 13
    Caption = #36864#36135#26085#26399#20174':'
  end
  object Label2: TLabel
    Left = 223
    Top = 75
    Width = 21
    Height = 13
    Caption = #21040':'
  end
  object DateTimePicker1: TDateTimePicker
    Left = 114
    Top = 72
    Width = 102
    Height = 21
    Date = 39256.000000000000000000
    Time = 39256.000000000000000000
    TabOrder = 0
  end
  object DateTimePicker2: TDateTimePicker
    Left = 250
    Top = 70
    Width = 102
    Height = 21
    Date = 39256.000000000000000000
    Time = 39256.000000000000000000
    TabOrder = 1
  end
  object Button1: TButton
    Left = 112
    Top = 128
    Width = 75
    Height = 25
    Caption = #30830#23450
    ModalResult = 1
    TabOrder = 2
  end
  object Button2: TButton
    Left = 208
    Top = 128
    Width = 75
    Height = 25
    Caption = #21462#28040
    ModalResult = 2
    TabOrder = 3
  end
end
