inherited TemporarilyBy_f: TTemporarilyBy_f
  Width = 228
  Height = 112
  Caption = #36873#21462#26085#26399
  OnShow = FormShow
  PixelsPerInch = 96
  TextHeight = 12
  object Label1: TLabel
    Left = 8
    Top = 19
    Width = 36
    Height = 12
    Caption = #26242#26102#33267
  end
  object Button1: TButton
    Left = 31
    Top = 50
    Width = 75
    Height = 25
    Caption = #30830#23450
    ModalResult = 1
    TabOrder = 0
  end
  object Button2: TButton
    Left = 112
    Top = 50
    Width = 75
    Height = 25
    Caption = #21462#28040
    ModalResult = 2
    TabOrder = 1
  end
  object DateTimePicker1: TDateTimePicker
    Left = 56
    Top = 16
    Width = 120
    Height = 20
    Date = 41788.604569768520000000
    Time = 41788.604569768520000000
    TabOrder = 2
  end
end
